H            0  1  0  0  0  0  0  0  0  0  0  0  0  0 
C            0  0  0  1  0  0  0  0  0  0  0  0  0  0 
Fe           0  0  0  0  0  0  0  0  1  0  0  0  0  0 
Mg           0  0  0  0  0  0  0  0  0  0  1  0  0  0 
S            0  0  0  0  0  0  0  1  0  0  0  0  0  0 
Si           0  0  0  0  0  0  1  0  0  0  0  0  0  0 
O            0  0  0  0  0  1  0  0  0  0  0  0  0  0 
N            0  0  0  0  1  0  0  0  0  0  0  0  0  0 
He           0  0  1  0  0  0  0  0  0  0  0  0  0  0 
Cl           0  0  0  0  0  0  0  0  0  0  0  1  0  0 
Na           0  0  0  0  0  0  0  0  0  1  0  0  0  0 
P            0  0  0  0  0  0  0  0  0  0  0  0  1  0 
F            0  0  0  0  0  0  0  0  0  0  0  0  0  1 
OH           0  1  0  0  0  1  0  0  0  0  0  0  0  0 
CO           0  0  0  1  0  1  0  0  0  0  0  0  0  0 
CS           0  0  0  1  0  0  0  1  0  0  0  0  0  0 
HS           0  1  0  0  0  0  0  1  0  0  0  0  0  0 
N2           0  0  0  0  2  0  0  0  0  0  0  0  0  0 
NH           0  1  0  0  1  0  0  0  0  0  0  0  0  0 
SiH          0  1  0  0  0  0  1  0  0  0  0  0  0  0 
SiO          0  0  0  0  0  1  1  0  0  0  0  0  0  0 
SO           0  0  0  0  0  1  0  1  0  0  0  0  0  0 
CH           0  1  0  1  0  0  0  0  0  0  0  0  0  0 
O2           0  0  0  0  0  2  0  0  0  0  0  0  0  0 
H2           0  2  0  0  0  0  0  0  0  0  0  0  0  0 
C2           0  0  0  2  0  0  0  0  0  0  0  0  0  0 
CN           0  0  0  1  1  0  0  0  0  0  0  0  0  0 
MgH          0  1  0  0  0  0  0  0  0  0  1  0  0  0 
NaH          0  1  0  0  0  0  0  0  0  1  0  0  0  0 
NO           0  0  0  0  1  1  0  0  0  0  0  0  0  0 
NS           0  0  0  0  1  0  0  1  0  0  0  0  0  0 
PH           0  1  0  0  0  0  0  0  0  0  0  0  1  0 
PN           0  0  0  0  1  0  0  0  0  0  0  0  1  0 
PO           0  0  0  0  0  1  0  0  0  0  0  0  1  0 
S2           0  0  0  0  0  0  0  2  0  0  0  0  0  0 
SiC          0  0  0  1  0  0  1  0  0  0  0  0  0  0 
SiN          0  0  0  0  1  0  1  0  0  0  0  0  0  0 
SiS          0  0  0  0  0  0  1  1  0  0  0  0  0  0 
CCl          0  0  0  1  0  0  0  0  0  0  0  1  0  0 
ClO          0  0  0  0  0  1  0  0  0  0  0  1  0  0 
CP           0  0  0  1  0  0  0  0  0  0  0  0  1  0 
HCl          0  1  0  0  0  0  0  0  0  0  0  1  0  0 
HF           0  1  0  0  0  0  0  0  0  0  0  0  0  1 
CCH          0  1  0  2  0  0  0  0  0  0  0  0  0  0 
C3           0  0  0  3  0  0  0  0  0  0  0  0  0  0 
CH2          0  2  0  1  0  0  0  0  0  0  0  0  0  0 
SO2          0  0  0  0  0  2  0  1  0  0  0  0  0  0 
H2O          0  2  0  0  0  1  0  0  0  0  0  0  0  0 
HCN          0  1  0  1  1  0  0  0  0  0  0  0  0  0 
HCSi         0  1  0  1  0  0  1  0  0  0  0  0  0  0 
CCN          0  0  0  2  1  0  0  0  0  0  0  0  0  0 
CCS          0  0  0  2  0  0  0  1  0  0  0  0  0  0 
CCO          0  0  0  2  0  1  0  0  0  0  0  0  0  0 
CCP          0  0  0  2  0  0  0  0  0  0  0  0  1  0 
CO2          0  0  0  1  0  2  0  0  0  0  0  0  0  0 
H2S          0  2  0  0  0  0  0  1  0  0  0  0  0  0 
HCO          0  1  0  1  0  1  0  0  0  0  0  0  0  0 
HCP          0  1  0  1  0  0  0  0  0  0  0  0  1  0 
HCS          0  1  0  1  0  0  0  1  0  0  0  0  0  0 
HNC          0  1  0  1  1  0  0  0  0  0  0  0  0  0 
HNO          0  1  0  0  1  1  0  0  0  0  0  0  0  0 
HNSi         0  1  0  0  1  0  1  0  0  0  0  0  0  0 
HPO          0  1  0  0  0  1  0  0  0  0  0  0  1  0 
HSS          0  1  0  0  0  0  0  2  0  0  0  0  0  0 
N2O          0  0  0  0  2  1  0  0  0  0  0  0  0  0 
NaOH         0  1  0  0  0  1  0  0  0  1  0  0  0  0 
NH2          0  2  0  0  1  0  0  0  0  0  0  0  0  0 
NO2          0  0  0  0  1  2  0  0  0  0  0  0  0  0 
O2H          0  1  0  0  0  2  0  0  0  0  0  0  0  0 
OCN          0  0  0  1  1  1  0  0  0  0  0  0  0  0 
OCS          0  0  0  1  0  1  0  1  0  0  0  0  0  0 
PH2          0  2  0  0  0  0  0  0  0  0  0  0  1  0 
c-SiC2       0  0  0  2  0  0  1  0  0  0  0  0  0  0 
SiH2         0  2  0  0  0  0  1  0  0  0  0  0  0  0 
SiNC         0  0  0  1  1  0  1  0  0  0  0  0  0  0 
SiO2         0  0  0  0  0  2  1  0  0  0  0  0  0  0 
C4           0  0  0  4  0  0  0  0  0  0  0  0  0  0 
c-C3H        0  1  0  3  0  0  0  0  0  0  0  0  0  0 
l-C3H        0  1  0  3  0  0  0  0  0  0  0  0  0  0 
CH3          0  3  0  1  0  0  0  0  0  0  0  0  0  0 
C2H2         0  2  0  2  0  0  0  0  0  0  0  0  0  0 
NH3          0  3  0  0  1  0  0  0  0  0  0  0  0  0 
SiCH2        0  2  0  1  0  0  1  0  0  0  0  0  0  0 
C3N          0  0  0  3  1  0  0  0  0  0  0  0  0  0 
C3O          0  0  0  3  0  1  0  0  0  0  0  0  0  0 
C3P          0  0  0  3  0  0  0  0  0  0  0  0  1  0 
C3S          0  0  0  3  0  0  0  1  0  0  0  0  0  0 
H2CO         0  2  0  1  0  1  0  0  0  0  0  0  0  0 
H2CS         0  2  0  1  0  0  0  1  0  0  0  0  0  0 
HOOH         0  2  0  0  0  2  0  0  0  0  0  0  0  0 
HSSH         0  2  0  0  0  0  0  2  0  0  0  0  0  0 
H2SiO        0  2  0  0  0  1  1  0  0  0  0  0  0  0 
HCCP         0  1  0  2  0  0  0  0  0  0  0  0  1  0 
HCCSi        0  1  0  2  0  0  1  0  0  0  0  0  0  0 
l-SiC3       0  0  0  3  0  0  1  0  0  0  0  0  0  0 
SiH3         0  3  0  0  0  0  1  0  0  0  0  0  0  0 
H2CN         0  2  0  1  1  0  0  0  0  0  0  0  0  0 
C5           0  0  0  5  0  0  0  0  0  0  0  0  0  0 
c-C3H2       0  2  0  3  0  0  0  0  0  0  0  0  0  0 
l-C3H2       0  2  0  3  0  0  0  0  0  0  0  0  0  0 
C4H          0  1  0  4  0  0  0  0  0  0  0  0  0  0 
CH4          0  4  0  1  0  0  0  0  0  0  0  0  0  0 
HC3N         0  1  0  3  1  0  0  0  0  0  0  0  0  0 
H2CCN        0  2  0  2  1  0  0  0  0  0  0  0  0  0 
H2CCO        0  2  0  2  0  1  0  0  0  0  0  0  0  0 
C2H3         0  3  0  2  0  0  0  0  0  0  0  0  0  0 
C4N          0  0  0  4  1  0  0  0  0  0  0  0  0  0 
C4P          0  0  0  4  0  0  0  0  0  0  0  0  1  0 
C4S          0  0  0  4  0  0  0  1  0  0  0  0  0  0 
HCOOH        0  2  0  1  0  2  0  0  0  0  0  0  0  0 
CH2PH        0  3  0  1  0  0  0  0  0  0  0  0  1  0 
CH2NH        0  3  0  1  1  0  0  0  0  0  0  0  0  0 
c-HCCHSi     0  2  0  2  0  0  1  0  0  0  0  0  0  0 
SiC3H        0  1  0  3  0  0  1  0  0  0  0  0  0  0 
SiC4         0  0  0  4  0  0  1  0  0  0  0  0  0  0 
SiCH3        0  3  0  1  0  0  1  0  0  0  0  0  0  0 
SiH4         0  4  0  0  0  0  1  0  0  0  0  0  0  0 
HCNCC        0  1  0  3  1  0  0  0  0  0  0  0  0  0 
HCCNC        0  1  0  3  1  0  0  0  0  0  0  0  0  0 
HNCCC        0  1  0  3  1  0  0  0  0  0  0  0  0  0 
NH2CN        0  2  0  1  2  0  0  0  0  0  0  0  0  0 
C6           0  0  0  6  0  0  0  0  0  0  0  0  0  0 
CH3CN        0  3  0  2  1  0  0  0  0  0  0  0  0  0 
CH2CCH       0  3  0  3  0  0  0  0  0  0  0  0  0  0 
C2H4         0  4  0  2  0  0  0  0  0  0  0  0  0  0 
NC4N         0  0  0  4  2  0  0  0  0  0  0  0  0  0 
H2CSiCH      0  3  0  2  0  0  1  0  0  0  0  0  0  0 
SiC4H        0  1  0  4  0  0  1  0  0  0  0  0  0  0 
HC4N         0  1  0  4  1  0  0  0  0  0  0  0  0  0 
C4H2         0  2  0  4  0  0  0  0  0  0  0  0  0  0 
C5H          0  1  0  5  0  0  0  0  0  0  0  0  0  0 
C5N          0  0  0  5  1  0  0  0  0  0  0  0  0  0 
CH3OH        0  4  0  1  0  1  0  0  0  0  0  0  0  0 
NH2CHO       0  3  0  1  1  1  0  0  0  0  0  0  0  0 
C5O          0  0  0  5  0  1  0  0  0  0  0  0  0  0 
C7           0  0  0  7  0  0  0  0  0  0  0  0  0  0 
HC5N         0  1  0  5  1  0  0  0  0  0  0  0  0  0 
SiC2CH3      0  3  0  3  0  0  1  0  0  0  0  0  0  0 
CH3CHO       0  4  0  2  0  1  0  0  0  0  0  0  0  0 
C2H5         0  5  0  2  0  0  0  0  0  0  0  0  0  0 
CH2CHCN      0  3  0  3  1  0  0  0  0  0  0  0  0  0 
CH3CCH       0  4  0  3  0  0  0  0  0  0  0  0  0  0 
C5H2         0  2  0  5  0  0  0  0  0  0  0  0  0  0 
C6H          0  1  0  6  0  0  0  0  0  0  0  0  0  0 
CH3NH2       0  5  0  1  1  0  0  0  0  0  0  0  0  0 
C4H3         0  3  0  4  0  0  0  0  0  0  0  0  0  0 
C6N          0  0  0  6  1  0  0  0  0  0  0  0  0  0 
C8           0  0  0  8  0  0  0  0  0  0  0  0  0  0 
HC6N         0  1  0  6  1  0  0  0  0  0  0  0  0  0 
NC6N         0  0  0  6  2  0  0  0  0  0  0  0  0  0 
SiC6H        0  1  0  6  0  0  1  0  0  0  0  0  0  0 
CH2CHC2H     0  4  0  4  0  0  0  0  0  0  0  0  0  0 
C6H2         0  2  0  6  0  0  0  0  0  0  0  0  0  0 
C7H          0  1  0  7  0  0  0  0  0  0  0  0  0  0 
C7N          0  0  0  7  1  0  0  0  0  0  0  0  0  0 
CH3C3N       0  3  0  4  1  0  0  0  0  0  0  0  0  0 
HCOOCH3      0  4  0  2  0  2  0  0  0  0  0  0  0  0 
C2H6         0  6  0  2  0  0  0  0  0  0  0  0  0  0 
C7O          0  0  0  7  0  1  0  0  0  0  0  0  0  0 
C9           0  0  0  9  0  0  0  0  0  0  0  0  0  0 
HC7N         0  1  0  7  1  0  0  0  0  0  0  0  0  0 
SiC3H5       0  5  0  3  0  0  1  0  0  0  0  0  0  0 
CH3CH2OH     0  6  0  2  0  1  0  0  0  0  0  0  0  0 
C7H2         0  2  0  7  0  0  0  0  0  0  0  0  0  0 
C8H          0  1  0  8  0  0  0  0  0  0  0  0  0  0 
CH3C4H       0  4  0  5  0  0  0  0  0  0  0  0  0  0 
CH3OCH3      0  6  0  2  0  1  0  0  0  0  0  0  0  0 
C8N          0  0  0  8  1  0  0  0  0  0  0  0  0  0 
C10          0  0  0 10  0  0  0  0  0  0  0  0  0  0 
CH3COCH3     0  6  0  3  0  1  0  0  0  0  0  0  0  0 
C8H2         0  2  0  8  0  0  0  0  0  0  0  0  0  0 
C9H          0  1  0  9  0  0  0  0  0  0  0  0  0  0 
C9N          0  0  0  9  1  0  0  0  0  0  0  0  0  0 
CH3C5N       0  3  0  6  1  0  0  0  0  0  0  0  0  0 
HC8N         0  1  0  8  1  0  0  0  0  0  0  0  0  0 
NC8N         0  0  0  8  2  0  0  0  0  0  0  0  0  0 
SiC8H        0  1  0  8  0  0  1  0  0  0  0  0  0  0 
CH2CHCHCH2   0  6  0  4  0  0  0  0  0  0  0  0  0  0 
C9O          0  0  0  9  0  1  0  0  0  0  0  0  0  0 
HC9N         0  1  0  9  1  0  0  0  0  0  0  0  0  0 
C10H         0  1  0 10  0  0  0  0  0  0  0  0  0  0 
C9H2         0  2  0  9  0  0  0  0  0  0  0  0  0  0 
CH3C6H       0  4  0  7  0  0  0  0  0  0  0  0  0  0 
C11          0  0  0 11  0  0  0  0  0  0  0  0  0  0 
C10N         0  0  0 10  1  0  0  0  0  0  0  0  0  0 
CH3C7N       0  3  0  8  1  0  0  0  0  0  0  0  0  0 
C10H2        0  2  0 10  0  0  0  0  0  0  0  0  0  0 
C6H6         0  6  0  6  0  0  0  0  0  0  0  0  0  0 
Si+          1  0  0  0  0  0  1  0  0  0  0  0  0  0 
C+           1  0  0  1  0  0  0  0  0  0  0  0  0  0 
C-          -1  0  0  1  0  0  0  0  0  0  0  0  0  0 
H-          -1  1  0  0  0  0  0  0  0  0  0  0  0  0 
O-          -1  0  0  0  0  1  0  0  0  0  0  0  0  0 
S-          -1  0  0  0  0  0  0  1  0  0  0  0  0  0 
He+          1  0  1  0  0  0  0  0  0  0  0  0  0  0 
H+           1  1  0  0  0  0  0  0  0  0  0  0  0  0 
Fe+          1  0  0  0  0  0  0  0  1  0  0  0  0  0 
Mg+          1  0  0  0  0  0  0  0  0  0  1  0  0  0 
N+           1  0  0  0  1  0  0  0  0  0  0  0  0  0 
Na+          1  0  0  0  0  0  0  0  0  1  0  0  0  0 
O+           1  0  0  0  0  1  0  0  0  0  0  0  0  0 
S+           1  0  0  0  0  0  0  1  0  0  0  0  0  0 
Cl+          1  0  0  0  0  0  0  0  0  0  0  1  0  0 
F+           1  0  0  0  0  0  0  0  0  0  0  0  0  1 
P+           1  0  0  0  0  0  0  0  0  0  0  0  1  0 
e-          -1  0  0  0  0  0  0  0  0  0  0  0  0  0 
CH+          1  1  0  1  0  0  0  0  0  0  0  0  0  0 
H2+          1  2  0  0  0  0  0  0  0  0  0  0  0  0 
OH+          1  1  0  0  0  1  0  0  0  0  0  0  0  0 
SiH+         1  1  0  0  0  0  1  0  0  0  0  0  0  0 
C2+          1  0  0  2  0  0  0  0  0  0  0  0  0  0 
CN-         -1  0  0  1  1  0  0  0  0  0  0  0  0  0 
OH-         -1  1  0  0  0  1  0  0  0  0  0  0  0  0 
CF+          1  0  0  1  0  0  0  0  0  0  0  0  0  1 
HS+          1  1  0  0  0  0  0  1  0  0  0  0  0  0 
SO+          1  0  0  0  0  1  0  1  0  0  0  0  0  0 
CCl+         1  0  0  1  0  0  0  0  0  0  0  1  0  0 
ClO+         1  0  0  0  0  1  0  0  0  0  0  1  0  0 
CN+          1  0  0  1  1  0  0  0  0  0  0  0  0  0 
CO+          1  0  0  1  0  1  0  0  0  0  0  0  0  0 
CP+          1  0  0  1  0  0  0  0  0  0  0  0  1  0 
CS+          1  0  0  1  0  0  0  1  0  0  0  0  0  0 
HCl+         1  1  0  0  0  0  0  0  0  0  0  1  0  0 
HF+          1  1  0  0  0  0  0  0  0  0  0  0  0  1 
HeH+         1  1  1  0  0  0  0  0  0  0  0  0  0  0 
N2+          1  0  0  0  2  0  0  0  0  0  0  0  0  0 
NH+          1  1  0  0  1  0  0  0  0  0  0  0  0  0 
NO+          1  0  0  0  1  1  0  0  0  0  0  0  0  0 
NS+          1  0  0  0  1  0  0  1  0  0  0  0  0  0 
O2+          1  0  0  0  0  2  0  0  0  0  0  0  0  0 
PH+          1  1  0  0  0  0  0  0  0  0  0  0  1  0 
PN+          1  0  0  0  1  0  0  0  0  0  0  0  1  0 
PO+          1  0  0  0  0  1  0  0  0  0  0  0  1  0 
S2+          1  0  0  0  0  0  0  2  0  0  0  0  0  0 
SiC+         1  0  0  1  0  0  1  0  0  0  0  0  0  0 
SiN+         1  0  0  0  1  0  1  0  0  0  0  0  0  0 
SiO+         1  0  0  0  0  1  1  0  0  0  0  0  0  0 
SiS+         1  0  0  0  0  0  1  1  0  0  0  0  0  0 
SiF+         1  0  0  0  0  0  1  0  0  0  0  0  0  1 
CH2+         1  2  0  1  0  0  0  0  0  0  0  0  0  0 
C2N+         1  0  0  2  1  0  0  0  0  0  0  0  0  0 
CNC+         1  0  0  2  1  0  0  0  0  0  0  0  0  0 
HSiO+        1  1  0  0  0  1  1  0  0  0  0  0  0  0 
N2H+         1  1  0  0  2  0  0  0  0  0  0  0  0  0 
C2H+         1  1  0  2  0  0  0  0  0  0  0  0  0  0 
H3+          1  3  0  0  0  0  0  0  0  0  0  0  0  0 
C3-         -1  0  0  3  0  0  0  0  0  0  0  0  0  0 
HCO+         1  1  0  1  0  1  0  0  0  0  0  0  0  0 
HSO+         1  1  0  0  0  1  0  1  0  0  0  0  0  0 
H2S+         1  2  0  0  0  0  0  1  0  0  0  0  0  0 
HCS+         1  1  0  1  0  0  0  1  0  0  0  0  0  0 
HPO+         1  1  0  0  0  1  0  0  0  0  0  0  1  0 
C2O+         1  0  0  2  0  1  0  0  0  0  0  0  0  0 
C2S+         1  0  0  2  0  0  0  1  0  0  0  0  0  0 
C3+          1  0  0  3  0  0  0  0  0  0  0  0  0  0 
CCP+         1  0  0  2  0  0  0  0  0  0  0  0  1  0 
CHSi+        1  1  0  1  0  0  1  0  0  0  0  0  0  0 
CO2+         1  0  0  1  0  2  0  0  0  0  0  0  0  0 
H2Cl+        1  2  0  0  0  0  0  0  0  0  0  1  0  0 
H2F+         1  2  0  0  0  0  0  0  0  0  0  0  0  1 
H2O+         1  2  0  0  0  1  0  0  0  0  0  0  0  0 
HCN+         1  1  0  1  1  0  0  0  0  0  0  0  0  0 
HCP+         1  1  0  1  0  0  0  0  0  0  0  0  1  0 
HNC+         1  1  0  1  1  0  0  0  0  0  0  0  0  0 
HNO+         1  1  0  0  1  1  0  0  0  0  0  0  0  0 
HNS+         1  1  0  0  1  0  0  1  0  0  0  0  0  0 
HNSi+        1  1  0  0  1  0  1  0  0  0  0  0  0  0 
HOC+         1  1  0  1  0  1  0  0  0  0  0  0  0  0 
HPN+         1  1  0  0  1  0  0  0  0  0  0  0  1  0 
HSiS+        1  1  0  0  0  0  1  1  0  0  0  0  0  0 
NaH2+        1  2  0  0  0  0  0  0  0  1  0  0  0  0 
NCO+         1  0  0  1  1  1  0  0  0  0  0  0  0  0 
NH2+         1  2  0  0  1  0  0  0  0  0  0  0  0  0 
NO2+         1  0  0  0  1  2  0  0  0  0  0  0  0  0 
HO2+         1  1  0  0  0  2  0  0  0  0  0  0  0  0 
OCS+         1  0  0  1  0  1  0  1  0  0  0  0  0  0 
PH2+         1  2  0  0  0  0  0  0  0  0  0  0  1  0 
HS2+         1  1  0  0  0  0  0  2  0  0  0  0  0  0 
SiC2+        1  0  0  2  0  0  1  0  0  0  0  0  0  0 
SiH2+        1  2  0  0  0  0  1  0  0  0  0  0  0  0 
SiNC+        1  0  0  1  1  0  1  0  0  0  0  0  0  0 
SO2+         1  0  0  0  0  2  0  1  0  0  0  0  0  0 
HCNH+        1  2  0  1  1  0  0  0  0  0  0  0  0  0 
HC2N+        1  1  0  2  1  0  0  0  0  0  0  0  0  0 
C3H+         1  1  0  3  0  0  0  0  0  0  0  0  0  0 
C4+          1  0  0  4  0  0  0  0  0  0  0  0  0  0 
H2CO+        1  2  0  1  0  1  0  0  0  0  0  0  0  0 
CH3+         1  3  0  1  0  0  0  0  0  0  0  0  0  0 
C3N-        -1  0  0  3  1  0  0  0  0  0  0  0  0  0 
C4-         -1  0  0  4  0  0  0  0  0  0  0  0  0  0 
H3O+         1  3  0  0  0  1  0  0  0  0  0  0  0  0 
H2NO+        1  2  0  0  1  1  0  0  0  0  0  0  0  0 
H3S+         1  3  0  0  0  0  0  1  0  0  0  0  0  0 
HC2S+        1  1  0  2  0  0  0  1  0  0  0  0  0  0 
HOCS+        1  1  0  1  0  1  0  1  0  0  0  0  0  0 
PCH2+        1  2  0  1  0  0  0  0  0  0  0  0  1  0 
H2S2+        1  2  0  0  0  0  0  2  0  0  0  0  0  0 
C2H2+        1  2  0  2  0  0  0  0  0  0  0  0  0  0 
C2HO+        1  1  0  2  0  1  0  0  0  0  0  0  0  0 
C2N2+        1  0  0  2  2  0  0  0  0  0  0  0  0  0 
C3N+         1  0  0  3  1  0  0  0  0  0  0  0  0  0 
C3O+         1  0  0  3  0  1  0  0  0  0  0  0  0  0 
C3S+         1  0  0  3  0  0  0  1  0  0  0  0  0  0 
CH2Si+       1  2  0  1  0  0  1  0  0  0  0  0  0  0 
H2CCl+       1  2  0  1  0  0  0  0  0  0  0  1  0  0 
H2CS+        1  2  0  1  0  0  0  1  0  0  0  0  0  0 
H2NC+        1  2  0  1  1  0  0  0  0  0  0  0  0  0 
H2PO+        1  2  0  0  0  1  0  0  0  0  0  0  1  0 
H2SiO+       1  2  0  0  0  1  1  0  0  0  0  0  0  0 
HOCO+        1  1  0  1  0  2  0  0  0  0  0  0  0  0 
HNCO+        1  1  0  1  1  1  0  0  0  0  0  0  0  0 
HSiO2+       1  1  0  0  0  2  1  0  0  0  0  0  0  0 
HSO2+        1  1  0  0  0  2  0  1  0  0  0  0  0  0 
NaH2O+       1  2  0  0  0  1  0  0  0  1  0  0  0  0 
NH3+         1  3  0  0  1  0  0  0  0  0  0  0  0  0 
PC2H+        1  1  0  2  0  0  0  0  0  0  0  0  1  0 
PH3+         1  3  0  0  0  0  0  0  0  0  0  0  1  0 
PNH2+        1  2  0  0  1  0  0  0  0  0  0  0  1  0 
SiC2H+       1  1  0  2  0  0  1  0  0  0  0  0  0  0 
l-SiC3+      1  0  0  3  0  0  1  0  0  0  0  0  0  0 
SiH3+        1  3  0  0  0  0  1  0  0  0  0  0  0  0 
SiNCH+       1  1  0  1  1  0  1  0  0  0  0  0  0  0 
HSiNH+       1  2  0  0  1  0  1  0  0  0  0  0  0  0 
HN2O+        1  1  0  0  2  1  0  0  0  0  0  0  0  0 
C2H3+        1  3  0  2  0  0  0  0  0  0  0  0  0  0 
c-C3H2+      1  2  0  3  0  0  0  0  0  0  0  0  0  0 
l-C3H2+      1  2  0  3  0  0  0  0  0  0  0  0  0  0 
C4H+         1  1  0  4  0  0  0  0  0  0  0  0  0  0 
C5+          1  0  0  5  0  0  0  0  0  0  0  0  0  0 
HC3O+        1  1  0  3  0  1  0  0  0  0  0  0  0  0 
C4H-        -1  1  0  4  0  0  0  0  0  0  0  0  0  0 
C5-         -1  0  0  5  0  0  0  0  0  0  0  0  0  0 
NH4+         1  4  0  0  1  0  0  0  0  0  0  0  0  0 
H3CS+        1  3  0  1  0  0  0  1  0  0  0  0  0  0 
H2COH+       1  3  0  1  0  1  0  0  0  0  0  0  0  0 
H3S2+        1  3  0  0  0  0  0  2  0  0  0  0  0  0 
HC3S+        1  1  0  3  0  0  0  1  0  0  0  0  0  0 
PC3H+        1  1  0  3  0  0  0  0  0  0  0  0  1  0 
PCH3+        1  3  0  1  0  0  0  0  0  0  0  0  1  0 
PNH3+        1  3  0  0  1  0  0  0  0  0  0  0  1  0 
SiC2H2+      1  2  0  2  0  0  1  0  0  0  0  0  0  0 
SiC3H+       1  1  0  3  0  0  1  0  0  0  0  0  0  0 
SiC4+        1  0  0  4  0  0  1  0  0  0  0  0  0  0 
SiCH3+       1  3  0  1  0  0  1  0  0  0  0  0  0  0 
SiH4+        1  4  0  0  0  0  1  0  0  0  0  0  0  0 
CH2CN+       1  2  0  2  1  0  0  0  0  0  0  0  0  0 
H2CCO+       1  2  0  2  0  1  0  0  0  0  0  0  0  0 
HC3N+        1  1  0  3  1  0  0  0  0  0  0  0  0  0 
C4N+         1  0  0  4  1  0  0  0  0  0  0  0  0  0 
C4P+         1  0  0  4  0  0  0  0  0  0  0  0  1  0 
C4S+         1  0  0  4  0  0  0  1  0  0  0  0  0  0 
HCOOH+       1  2  0  1  0  2  0  0  0  0  0  0  0  0 
CH4+         1  4  0  1  0  0  0  0  0  0  0  0  0  0 
H3SiO+       1  3  0  0  0  1  1  0  0  0  0  0  0  0 
PC2H2+       1  2  0  2  0  0  0  0  0  0  0  0  1  0 
C6+          1  0  0  6  0  0  0  0  0  0  0  0  0  0 
HC4N+        1  1  0  4  1  0  0  0  0  0  0  0  0  0 
C5H-        -1  1  0  5  0  0  0  0  0  0  0  0  0  0 
C6-         -1  0  0  6  0  0  0  0  0  0  0  0  0  0 
CH3CO+       1  3  0  2  0  1  0  0  0  0  0  0  0  0 
C2H4+        1  4  0  2  0  0  0  0  0  0  0  0  0  0 
HC3NH+       1  2  0  3  1  0  0  0  0  0  0  0  0  0 
HC4S+        1  1  0  4  0  0  0  1  0  0  0  0  0  0 
CH5+         1  5  0  1  0  0  0  0  0  0  0  0  0  0 
C4H2+        1  2  0  4  0  0  0  0  0  0  0  0  0  0 
C5H+         1  1  0  5  0  0  0  0  0  0  0  0  0  0 
CH3CN+       1  3  0  2  1  0  0  0  0  0  0  0  0  0 
c-C3H3+      1  3  0  3  0  0  0  0  0  0  0  0  0  0 
l-C3H3+      1  3  0  3  0  0  0  0  0  0  0  0  0  0 
C5N+         1  0  0  5  1  0  0  0  0  0  0  0  0  0 
CH3O2+       1  3  0  1  0  2  0  0  0  0  0  0  0  0 
CH2NH2+      1  4  0  1  1  0  0  0  0  0  0  0  0  0 
CH3OH+       1  4  0  1  0  1  0  0  0  0  0  0  0  0 
H2C3O+       1  2  0  3  0  1  0  0  0  0  0  0  0  0 
HC2NCH+      1  2  0  3  1  0  0  0  0  0  0  0  0  0 
HC4O+        1  1  0  4  0  1  0  0  0  0  0  0  0  0 
NH2CNH+      1  3  0  1  2  0  0  0  0  0  0  0  0  0 
PC2H3+       1  3  0  2  0  0  0  0  0  0  0  0  1  0 
PC4H+        1  1  0  4  0  0  0  0  0  0  0  0  1  0 
PCH4+        1  4  0  1  0  0  0  0  0  0  0  0  1  0 
SiC2H3+      1  3  0  2  0  0  1  0  0  0  0  0  0  0 
SiC3H2+      1  2  0  3  0  0  1  0  0  0  0  0  0  0 
SiC4H+       1  1  0  4  0  0  1  0  0  0  0  0  0  0 
SiCH4+       1  4  0  1  0  0  1  0  0  0  0  0  0  0 
SiH5+        1  5  0  0  0  0  1  0  0  0  0  0  0  0 
C7+          1  0  0  7  0  0  0  0  0  0  0  0  0  0 
H2C4N+       1  2  0  4  1  0  0  0  0  0  0  0  0  0 
C6H-        -1  1  0  6  0  0  0  0  0  0  0  0  0  0 
C7-         -1  0  0  7  0  0  0  0  0  0  0  0  0  0 
C4H3+        1  3  0  4  0  0  0  0  0  0  0  0  0  0 
C5H2+        1  2  0  5  0  0  0  0  0  0  0  0  0  0 
CH3CNH+      1  4  0  2  1  0  0  0  0  0  0  0  0  0 
C2H4O+       1  4  0  2  0  1  0  0  0  0  0  0  0  0 
C2H5+        1  5  0  2  0  0  0  0  0  0  0  0  0  0 
C3H3N+       1  3  0  3  1  0  0  0  0  0  0  0  0  0 
C3H4+        1  4  0  3  0  0  0  0  0  0  0  0  0  0 
HC5N+        1  1  0  5  1  0  0  0  0  0  0  0  0  0 
C6H+         1  1  0  6  0  0  0  0  0  0  0  0  0  0 
CH3NH2+      1  5  0  1  1  0  0  0  0  0  0  0  0  0 
CH3OH2+      1  5  0  1  0  1  0  0  0  0  0  0  0  0 
C2H3CO+      1  3  0  3  0  1  0  0  0  0  0  0  0  0 
NH2CH2O+     1  4  0  1  1  1  0  0  0  0  0  0  0  0 
PC2H4+       1  4  0  2  0  0  0  0  0  0  0  0  1  0 
PC4H2+       1  2  0  4  0  0  0  0  0  0  0  0  1  0 
HC5O+        1  1  0  5  0  1  0  0  0  0  0  0  0  0 
C6N+         1  0  0  6  1  0  0  0  0  0  0  0  0  0 
H2C5N+       1  2  0  5  1  0  0  0  0  0  0  0  0  0 
C8+          1  0  0  8  0  0  0  0  0  0  0  0  0  0 
C7H-        -1  1  0  7  0  0  0  0  0  0  0  0  0  0 
C8-         -1  0  0  8  0  0  0  0  0  0  0  0  0  0 
C5H3+        1  3  0  5  0  0  0  0  0  0  0  0  0  0 
C3H5+        1  5  0  3  0  0  0  0  0  0  0  0  0  0 
C6H2+        1  2  0  6  0  0  0  0  0  0  0  0  0  0 
C7H+         1  1  0  7  0  0  0  0  0  0  0  0  0  0 
CH3CHOH+     1  5  0  2  0  1  0  0  0  0  0  0  0  0 
C2H6+        1  6  0  2  0  0  0  0  0  0  0  0  0  0 
C3H3NH+      1  4  0  3  1  0  0  0  0  0  0  0  0  0 
C4H4+        1  4  0  4  0  0  0  0  0  0  0  0  0  0 
C7N+         1  0  0  7  1  0  0  0  0  0  0  0  0  0 
CH3NH3+      1  6  0  1  1  0  0  0  0  0  0  0  0  0 
COOCH4+      1  4  0  2  0  2  0  0  0  0  0  0  0  0 
H3C4N+       1  3  0  4  1  0  0  0  0  0  0  0  0  0 
HC6N+        1  1  0  6  1  0  0  0  0  0  0  0  0  0 
C9+          1  0  0  9  0  0  0  0  0  0  0  0  0  0 
C8H-        -1  1  0  8  0  0  0  0  0  0  0  0  0  0 
C9-         -1  0  0  9  0  0  0  0  0  0  0  0  0  0 
C4H5+        1  5  0  4  0  0  0  0  0  0  0  0  0  0 
C6H3+        1  3  0  6  0  0  0  0  0  0  0  0  0  0 
C7H2+        1  2  0  7  0  0  0  0  0  0  0  0  0  0 
C2H5OH+      1  6  0  2  0  1  0  0  0  0  0  0  0  0 
H3C4NH+      1  4  0  4  1  0  0  0  0  0  0  0  0  0 
C5H3N+       1  3  0  5  1  0  0  0  0  0  0  0  0  0 
C5H4+        1  4  0  5  0  0  0  0  0  0  0  0  0  0 
HC7N+        1  1  0  7  1  0  0  0  0  0  0  0  0  0 
C8H+         1  1  0  8  0  0  0  0  0  0  0  0  0  0 
CH3OCH3+     1  6  0  2  0  1  0  0  0  0  0  0  0  0 
H5C2O2+      1  5  0  2  0  2  0  0  0  0  0  0  0  0 
HC7O+        1  1  0  7  0  1  0  0  0  0  0  0  0  0 
C8N+         1  0  0  8  1  0  0  0  0  0  0  0  0  0 
H2C6N+       1  2  0  6  1  0  0  0  0  0  0  0  0  0 
C2H7+        1  7  0  2  0  0  0  0  0  0  0  0  0  0 
C10+         1  0  0 10  0  0  0  0  0  0  0  0  0  0 
CH3OCH4+     1  7  0  2  0  1  0  0  0  0  0  0  0  0 
C9H-        -1  1  0  9  0  0  0  0  0  0  0  0  0  0 
C10-        -1  0  0 10  0  0  0  0  0  0  0  0  0  0 
C7H2N+       1  2  0  7  1  0  0  0  0  0  0  0  0  0 
C7H3+        1  3  0  7  0  0  0  0  0  0  0  0  0  0 
C5H5+        1  5  0  5  0  0  0  0  0  0  0  0  0  0 
C8H2+        1  2  0  8  0  0  0  0  0  0  0  0  0  0 
C9H+         1  1  0  9  0  0  0  0  0  0  0  0  0  0 
C2H5OH2+     1  7  0  2  0  1  0  0  0  0  0  0  0  0 
C2H6CO+      1  6  0  3  0  1  0  0  0  0  0  0  0  0 
C5H4N+       1  4  0  5  1  0  0  0  0  0  0  0  0  0 
C6H4+        1  4  0  6  0  0  0  0  0  0  0  0  0  0 
C9N+         1  0  0  9  1  0  0  0  0  0  0  0  0  0 
HC8N+        1  1  0  8  1  0  0  0  0  0  0  0  0  0 
C10H+        1  1  0 10  0  0  0  0  0  0  0  0  0  0 
C10H-       -1  1  0 10  0  0  0  0  0  0  0  0  0  0 
C8H3+        1  3  0  8  0  0  0  0  0  0  0  0  0  0 
C9H2+        1  2  0  9  0  0  0  0  0  0  0  0  0  0 
C3H6OH+      1  7  0  3  0  1  0  0  0  0  0  0  0  0 
C4H7+        1  7  0  4  0  0  0  0  0  0  0  0  0  0 
H3C6NH+      1  4  0  6  1  0  0  0  0  0  0  0  0  0 
C6H5+        1  5  0  6  0  0  0  0  0  0  0  0  0  0 
H3C7N+       1  3  0  7  1  0  0  0  0  0  0  0  0  0 
C7H4+        1  4  0  7  0  0  0  0  0  0  0  0  0  0 
C9HN+        1  1  0  9  1  0  0  0  0  0  0  0  0  0 
C11+         1  0  0 11  0  0  0  0  0  0  0  0  0  0 
HC9O+        1  1  0  9  0  1  0  0  0  0  0  0  0  0 
C10N+        1  0  0 10  1  0  0  0  0  0  0  0  0  0 
H2C8N+       1  2  0  8  1  0  0  0  0  0  0  0  0  0 
C9H2N+       1  2  0  9  1  0  0  0  0  0  0  0  0  0 
C9H3+        1  3  0  9  0  0  0  0  0  0  0  0  0  0 
C10H2+       1  2  0 10  0  0  0  0  0  0  0  0  0  0 
C7H5+        1  5  0  7  0  0  0  0  0  0  0  0  0  0 
C8H4+        1  4  0  8  0  0  0  0  0  0  0  0  0  0 
HC10N+       1  1  0 10  1  0  0  0  0  0  0  0  0  0 
C6H7+        1  7  0  6  0  0  0  0  0  0  0  0  0  0 
C9H4+        1  4  0  9  0  0  0  0  0  0  0  0  0  0 
C8H4N+       1  4  0  8  1  0  0  0  0  0  0  0  0  0 
C8H5+        1  5  0  8  0  0  0  0  0  0  0  0  0  0 
C9H3N+       1  3  0  9  1  0  0  0  0  0  0  0  0  0 
C10H3+       1  3  0 10  0  0  0  0  0  0  0  0  0  0 
H2C10N+      1  2  0 10  1  0  0  0  0  0  0  0  0  0 
C9H5+        1  5  0  9  0  0  0  0  0  0  0  0  0  0 
GRAIN0       0  0  0  0  0  0  0  0  0  0  0  0  0  0
GRAIN-      -1  0  0  0  0  0  0  0  0  0  0  0  0  0
XH           0  1  0  0  0  0  0  0  0  0  0  0  0  0
t-C3H2       0  2  0  3  0  0  0  0  0  0  0  0  0  0 
HC3O         0  1  0  3  0  1  0  0  0  0  0  0  0  0 
H2C3O        0  2  0  3  0  1  0  0  0  0  0  0  0  0 
C3H8         0  8  0  3  0  0  0  0  0  0  0  0  0  0 
C3H7+        1  7  0  3  0  0  0  0  0  0  0  0  0  0 
C3H9+        1  9  0  3  0  0  0  0  0  0  0  0  0  0 
C3H5         0  5  0  3  0  0  0  0  0  0  0  0  0  0 
C3H7         0  7  0  3  0  0  0  0  0  0  0  0  0  0 
CH3CHCH2     0  6  0  3  0  0  0  0  0  0  0  0  0  0 
HCCO         0  1  0  2  0  1  0  0  0  0  0  0  0  0 
HCCCHO       0  2  0  3  0  1  0  0  0  0  0  0  0  0 
c-H2C3O      0  2  0  3  0  1  0  0  0  0  0  0  0  0 
C2H3CHO      0  4  0  3  0  1  0  0  0  0  0  0  0  0 
HCCCHOH+    +1  3  0  3  0  1  0  0  0  0  0  0  0  0
c-H2C3OH+   +1  3  0  3  0  1  0  0  0  0  0  0  0  0
H5C3O+      +1  5  0  3  0  1  0  0  0  0  0  0  0  0
CS2          0  0  0  1  0  0  0  2  0  0  0  0  0  0
CS2+        +1  0  0  1  0  0  0  2  0  0  0  0  0  0
HCS2+       +1  1  0  1  0  0  0  2  0  0  0  0  0  0
H2S3         0  2  0  0  0  0  0  3  0  0  0  0  0  0
S3           0  0  0  0  0  0  0  3  0  0  0  0  0  0
S4           0  0  0  0  0  0  0  4  0  0  0  0  0  0
S5           0  0  0  0  0  0  0  5  0  0  0  0  0  0
S6           0  0  0  0  0  0  0  6  0  0  0  0  0  0
S7           0  0  0  0  0  0  0  7  0  0  0  0  0  0
S8           0  0  0  0  0  0  0  8  0  0  0  0  0  0
HC3S         0  1  0  3  0  0  0  1  0  0  0  0  0  0
HCCS         0  1  0  2  0  0  0  1  0  0  0  0  0  0
H2C2S+      +1  2  0  2  0  0  0  1  0  0  0  0  0  0
H2C3S+      +1  2  0  3  0  0  0  1  0  0  0  0  0  0
CH3SH        0  4  0  1  0  0  0  1  0  0  0  0  0  0
CH3SH+      +1  4  0  1  0  0  0  1  0  0  0  0  0  0 
CH3S         0  3  0  1  0  0  0  1  0  0  0  0  0  0
CH3S+       +1  3  0  1  0  0  0  1  0  0  0  0  0  0 
CH2SH        0  3  0  1  0  0  0  1  0  0  0  0  0  0 
CH3SH2+     +1  5  0  1  0  0  0  1  0  0  0  0  0  0
HCNS+       +1  1  0  1  1  0  0  1  0  0  0  0  0  0
HNCS+       +1  1  0  1  1  0  0  1  0  0  0  0  0  0
HSCN+       +1  1  0  1  1  0  0  1  0  0  0  0  0  0
H2CNS+      +1  2  0  1  1  0  0  1  0  0  0  0  0  0
H2NCS+      +1  2  0  1  1  0  0  1  0  0  0  0  0  0
H2SCN+      +1  2  0  1  1  0  0  1  0  0  0  0  0  0
HCNSH+      +1  2  0  1  1  0  0  1  0  0  0  0  0  0
HNCSH+      +1  2  0  1  1  0  0  1  0  0  0  0  0  0
HCNS         0  1  0  1  1  0  0  1  0  0  0  0  0  0
HNCS         0  1  0  1  1  0  0  1  0  0  0  0  0  0
HSCN         0  1  0  1  1  0  0  1  0  0  0  0  0  0
H2NCO+      +1  2  0  1  1  1  0  0  0  0  0  0  0  0
H2OCN+      +1  2  0  1  1  1  0  0  0  0  0  0  0  0
H2CNO+      +1  2  0  1  1  1  0  0  0  0  0  0  0  0
H2ONC+      +1  2  0  1  1  1  0  0  0  0  0  0  0  0
HNCOH+      +1  2  0  1  1  1  0  0  0  0  0  0  0  0
HCNOH+      +1  2  0  1  1  1  0  0  0  0  0  0  0  0
HCNO         0  1  0  1  1  1  0  0  0  0  0  0  0  0
HCNO+       +1  1  0  1  1  1  0  0  0  0  0  0  0  0
HNCO         0  1  0  1  1  1  0  0  0  0  0  0  0  0
HOCN         0  1  0  1  1  1  0  0  0  0  0  0  0  0
HOCN+       +1  1  0  1  1  1  0  0  0  0  0  0  0  0
HONC         0  1  0  1  1  1  0  0  0  0  0  0  0  0
HONC+       +1  1  0  1  1  1  0  0  0  0  0  0  0  0
H2C3S        0  2  0  3  0  0  0  1  0  0  0  0  0  0
NHCHO        0  2  0  1  1  1  0  0  0  0  0  0  0  0
HOCHN        0  2  0  1  1  1  0  0  0  0  0  0  0  0
NHCHS        0  2  0  1  1  0  0  1  0  0  0  0  0  0
HSCHN        0  2  0  1  1  0  0  1  0  0  0  0  0  0
NH2CHS       0  3  0  1  1  0  0  1  0  0  0  0  0  0
HSO          0  1  0  0  0  1  0  1  0  0  0  0  0  0
H2CCS        0  2  0  2  0  0  0  1  0  0  0  0  0  0
CH3CS+      +1  3  0  2  0  0  0  1  0  0  0  0  0  0
NH3CHS+     +1  4  0  1  1  0  0  1  0  0  0  0  0  0
NH2CS        0  2  0  1  1  0  0  1  0  0  0  0  0  0
NH2CO        0  2  0  1  1  1  0  0  0  0  0  0  0  0
NH2CH2O      0  4  0  1  1  1  0  0  0  0  0  0  0  0
NH2CH2OH     0  5  0  1  1  1  0  0  0  0  0  0  0  0
NH2CH2S      0  4  0  1  1  0  0  1  0  0  0  0  0  0
NH2CH2SH     0  5  0  1  1  0  0  1  0  0  0  0  0  0
CH2CCH2      0  4  0  3  0  0  0  0  0  0  0  0  0  0 
C2H5CHO      0  6  0  3  0  1  0  0  0  0  0  0  0  0
c-C3H6O      0  6  0  3  0  1  0  0  0  0  0  0  0  0
C2H5CHOH+    1  7  0  3  0  1  0  0  0  0  0  0  0  0 
C2N2         0  0  0  2  2  0  0  0  0  0  0  0  0  0 
CNCN         0  0  0  2  2  0  0  0  0  0  0  0  0  0 
NC3N         0  0  0  3  2  0  0  0  0  0  0  0  0  0 
C2N2H+       1  1  0  2  2  0  0  0  0  0  0  0  0  0
