O3           0  0  0  0  0  3  0  0  0  0  0  0  0  0
FeH          0  1  0  0  0  0  0  0  1  0  0  0  0  0
MgH2         0  2  0  0  0  0  0  0  0  0  1  0  0  0
CH2OH        0  3  0  1  0  1  0  0  0  0  0  0  0  0
C5H3         0  3  0  5  0  0  0  0  0  0  0  0  0  0
C6H3         0  3  0  6  0  0  0  0  0  0  0  0  0  0
C7H3         0  3  0  7  0  0  0  0  0  0  0  0  0  0
C8H3         0  3  0  8  0  0  0  0  0  0  0  0  0  0
C9H3         0  3  0  9  0  0  0  0  0  0  0  0  0  0
C5H4         0  4  0  5  0  0  0  0  0  0  0  0  0  0
C6H4         0  4  0  6  0  0  0  0  0  0  0  0  0  0
C7H4         0  4  0  7  0  0  0  0  0  0  0  0  0  0
C8H4         0  4  0  8  0  0  0  0  0  0  0  0  0  0
C9H4         0  4  0  9  0  0  0  0  0  0  0  0  0  0
CH3CO        0  3  0  2  0  1  0  0  0  0  0  0  0  0
CH3OCH2      0  5  0  2  0  1  0  0  0  0  0  0  0  0
CH2NH2       0  4  0  1  1  0  0  0  0  0  0  0  0  0
HCOCO        0  1  0  2  0  2  0  0  0  0  0  0  0  0
HCOCHO       0  2  0  2  0  2  0  0  0  0  0  0  0  0
CH3O         0  3  0  1  0  1  0  0  0  0  0  0  0  0
HOCO         0  1  0  1  0  2  0  0  0  0  0  0  0  0
JC2H6        0  6  0  2  0  0  0  0  0  0  0  0  0  0
JC5H4        0  4  0  5  0  0  0  0  0  0  0  0  0  0
JC6H4        0  4  0  6  0  0  0  0  0  0  0  0  0  0
JC7H4        0  4  0  7  0  0  0  0  0  0  0  0  0  0
JC8H4        0  4  0  8  0  0  0  0  0  0  0  0  0  0
JC9H4        0  4  0  9  0  0  0  0  0  0  0  0  0  0
JC5H3        0  3  0  5  0  0  0  0  0  0  0  0  0  0
JC6H3        0  3  0  6  0  0  0  0  0  0  0  0  0  0
JC7H3        0  3  0  7  0  0  0  0  0  0  0  0  0  0
JC8H3        0  3  0  8  0  0  0  0  0  0  0  0  0  0
JC9H3        0  3  0  9  0  0  0  0  0  0  0  0  0  0
JCH2OH       0  3  0  1  0  1  0  0  0  0  0  0  0  0
JHCCO        0  1  0  2  0  1  0  0  0  0  0  0  0  0
JH2CSiCH     0  3  0  2  0  0  1  0  0  0  0  0  0  0
JSiC4H       0  1  0  4  0  0  1  0  0  0  0  0  0  0
JHC4N        0  1  0  4  1  0  0  0  0  0  0  0  0  0
JNC4N        0  0  0  4  2  0  0  0  0  0  0  0  0  0
JSiC2CH3     0  3  0  3  0  0  1  0  0  0  0  0  0  0
JSiC6H       0  1  0  6  0  0  1  0  0  0  0  0  0  0
JHC6N        0  1  0  6  1  0  0  0  0  0  0  0  0  0
JNC6N        0  0  0  6  2  0  0  0  0  0  0  0  0  0
JSiC3H5      0  5  0  3  0  0  1  0  0  0  0  0  0  0
JCH2CHCHCH2  0  6  0  4  0  0  0  0  0  0  0  0  0  0
JSiC8H       0  1  0  8  0  0  1  0  0  0  0  0  0  0
JHC8N        0  1  0  8  1  0  0  0  0  0  0  0  0  0
JNC8N        0  0  0  8  2  0  0  0  0  0  0  0  0  0
JC10H        0  1  0 10  0  0  0  0  0  0  0  0  0  0
JC11         0  0  0 11  0  0  0  0  0  0  0  0  0  0
JC10H2       0  2  0 10  0  0  0  0  0  0  0  0  0  0
JF           0  0  0  0  0  0  0  0  0  0  0  0  0  1
JHF          0  1  0  0  0  0  0  0  0  0  0  0  0  1
JC           0  0  0  1  0  0  0  0  0  0  0  0  0  0
JC10         0  0  0 10  0  0  0  0  0  0  0  0  0  0
JC2          0  0  0  2  0  0  0  0  0  0  0  0  0  0
JCCH         0  1  0  2  0  0  0  0  0  0  0  0  0  0
JC2H2        0  2  0  2  0  0  0  0  0  0  0  0  0  0
JC2H3        0  3  0  2  0  0  0  0  0  0  0  0  0  0
JC2H4        0  4  0  2  0  0  0  0  0  0  0  0  0  0
JC2H5        0  5  0  2  0  0  0  0  0  0  0  0  0  0
JCH3CH2OH    0  6  0  2  0  1  0  0  0  0  0  0  0  0
JCH3COCH3    0  6  0  3  0  1  0  0  0  0  0  0  0  0
JCCN         0  0  0  2  1  0  0  0  0  0  0  0  0  0
JCCO         0  0  0  2  0  1  0  0  0  0  0  0  0  0
JCCS         0  0  0  2  0  0  0  1  0  0  0  0  0  0
JC3          0  0  0  3  0  0  0  0  0  0  0  0  0  0
Jc-C3H       0  1  0  3  0  0  0  0  0  0  0  0  0  0
Jl-C3H       0  1  0  3  0  0  0  0  0  0  0  0  0  0
Jc-C3H2      0  2  0  3  0  0  0  0  0  0  0  0  0  0
Jl-C3H2      0  2  0  3  0  0  0  0  0  0  0  0  0  0
JCH2CCH      0  3  0  3  0  0  0  0  0  0  0  0  0  0
JCH2CHCN     0  3  0  3  1  0  0  0  0  0  0  0  0  0
JCH3CCH      0  4  0  3  0  0  0  0  0  0  0  0  0  0
JC3N         0  0  0  3  1  0  0  0  0  0  0  0  0  0
JC3O         0  0  0  3  0  1  0  0  0  0  0  0  0  0
JC3P         0  0  0  3  0  0  0  0  0  0  0  0  1  0
JC3S         0  0  0  3  0  0  0  1  0  0  0  0  0  0
JC4          0  0  0  4  0  0  0  0  0  0  0  0  0  0
JC4H         0  1  0  4  0  0  0  0  0  0  0  0  0  0
JC4H2        0  2  0  4  0  0  0  0  0  0  0  0  0  0
JC4H3        0  3  0  4  0  0  0  0  0  0  0  0  0  0
JCH2CHC2H    0  4  0  4  0  0  0  0  0  0  0  0  0  0
JC4N         0  0  0  4  1  0  0  0  0  0  0  0  0  0
JC4P         0  0  0  4  0  0  0  0  0  0  0  0  1  0
JC4S         0  0  0  4  0  0  0  1  0  0  0  0  0  0
JC5          0  0  0  5  0  0  0  0  0  0  0  0  0  0
JC5H         0  1  0  5  0  0  0  0  0  0  0  0  0  0
JC5H2        0  2  0  5  0  0  0  0  0  0  0  0  0  0
JC5N         0  0  0  5  1  0  0  0  0  0  0  0  0  0
JC6          0  0  0  6  0  0  0  0  0  0  0  0  0  0
JC6H         0  1  0  6  0  0  0  0  0  0  0  0  0  0
JC6H2        0  2  0  6  0  0  0  0  0  0  0  0  0  0
JC6H6        0  6  0  6  0  0  0  0  0  0  0  0  0  0
JC7          0  0  0  7  0  0  0  0  0  0  0  0  0  0
JC7H         0  1  0  7  0  0  0  0  0  0  0  0  0  0
JC7H2        0  2  0  7  0  0  0  0  0  0  0  0  0  0
JC7N         0  0  0  7  1  0  0  0  0  0  0  0  0  0
JC8          0  0  0  8  0  0  0  0  0  0  0  0  0  0
JC8H         0  1  0  8  0  0  0  0  0  0  0  0  0  0
JC8H2        0  2  0  8  0  0  0  0  0  0  0  0  0  0
JC9          0  0  0  9  0  0  0  0  0  0  0  0  0  0
JC9H         0  1  0  9  0  0  0  0  0  0  0  0  0  0
JC9H2        0  2  0  9  0  0  0  0  0  0  0  0  0  0
JC9N         0  0  0  9  1  0  0  0  0  0  0  0  0  0
JCCl         0  0  0  1  0  0  0  0  0  0  0  1  0  0
JCCP         0  0  0  2  0  0  0  0  0  0  0  0  1  0
JCH          0  1  0  1  0  0  0  0  0  0  0  0  0  0
JCH2         0  2  0  1  0  0  0  0  0  0  0  0  0  0
JH2CCN       0  2  0  2  1  0  0  0  0  0  0  0  0  0
JH2CCO       0  2  0  2  0  1  0  0  0  0  0  0  0  0
JCH2NH       0  3  0  1  1  0  0  0  0  0  0  0  0  0
JCH2PH       0  3  0  1  0  0  0  0  0  0  0  0  1  0
JCH3         0  3  0  1  0  0  0  0  0  0  0  0  0  0
JCH3C3N      0  3  0  4  1  0  0  0  0  0  0  0  0  0
JCH3C4H      0  4  0  5  0  0  0  0  0  0  0  0  0  0
JCH3C5N      0  3  0  6  1  0  0  0  0  0  0  0  0  0
JCH3C6H      0  4  0  7  0  0  0  0  0  0  0  0  0  0
JCH3C7N      0  3  0  8  1  0  0  0  0  0  0  0  0  0
JCH3CHO      0  4  0  2  0  1  0  0  0  0  0  0  0  0
JCH3CN       0  3  0  2  1  0  0  0  0  0  0  0  0  0
JCH3OCH3     0  6  0  2  0  1  0  0  0  0  0  0  0  0
JCH3OH       0  4  0  1  0  1  0  0  0  0  0  0  0  0
JCH4         0  4  0  1  0  0  0  0  0  0  0  0  0  0
JCH3NH2      0  5  0  1  1  0  0  0  0  0  0  0  0  0
JCl          0  0  0  0  0  0  0  0  0  0  0  1  0  0
JClO         0  0  0  0  0  1  0  0  0  0  0  1  0  0
JCN          0  0  0  1  1  0  0  0  0  0  0  0  0  0
JCO          0  0  0  1  0  1  0  0  0  0  0  0  0  0
JCO2         0  0  0  1  0  2  0  0  0  0  0  0  0  0
JCP          0  0  0  1  0  0  0  0  0  0  0  0  1  0
JCS          0  0  0  1  0  0  0  1  0  0  0  0  0  0
JFe          0  0  0  0  0  0  0  0  1  0  0  0  0  0
JFeH         0  1  0  0  0  0  0  0  1  0  0  0  0  0
JH           0  1  0  0  0  0  0  0  0  0  0  0  0  0
JH2          0  2  0  0  0  0  0  0  0  0  0  0  0  0
JH2CN        0  2  0  1  1  0  0  0  0  0  0  0  0  0
JH2CO        0  2  0  1  0  1  0  0  0  0  0  0  0  0
JH2CS        0  2  0  1  0  0  0  1  0  0  0  0  0  0
JH2O         0  2  0  0  0  1  0  0  0  0  0  0  0  0
JHOOH        0  2  0  0  0  2  0  0  0  0  0  0  0  0
JH2S         0  2  0  0  0  0  0  1  0  0  0  0  0  0
JHSSH        0  2  0  0  0  0  0  2  0  0  0  0  0  0
JH2SiO       0  2  0  0  0  1  1  0  0  0  0  0  0  0
JHCCNC       0  1  0  3  1  0  0  0  0  0  0  0  0  0
JHC3N        0  1  0  3  1  0  0  0  0  0  0  0  0  0
JHC5N        0  1  0  5  1  0  0  0  0  0  0  0  0  0
JHC7N        0  1  0  7  1  0  0  0  0  0  0  0  0  0
JHC9N        0  1  0  9  1  0  0  0  0  0  0  0  0  0
JHCCP        0  1  0  2  0  0  0  0  0  0  0  0  1  0
JHCl         0  1  0  0  0  0  0  0  0  0  0  1  0  0
JHCN         0  1  0  1  1  0  0  0  0  0  0  0  0  0
JHCNCC       0  1  0  3  1  0  0  0  0  0  0  0  0  0
JHCO         0  1  0  1  0  1  0  0  0  0  0  0  0  0
JHCOOCH3     0  4  0  2  0  2  0  0  0  0  0  0  0  0
JHCOOH       0  2  0  1  0  2  0  0  0  0  0  0  0  0
JHCP         0  1  0  1  0  0  0  0  0  0  0  0  1  0
JHCS         0  1  0  1  0  0  0  1  0  0  0  0  0  0
JHCSi        0  1  0  1  0  0  1  0  0  0  0  0  0  0
JHe          0  0  1  0  0  0  0  0  0  0  0  0  0  0
JHNC         0  1  0  1  1  0  0  0  0  0  0  0  0  0
JHNCCC       0  1  0  3  1  0  0  0  0  0  0  0  0  0
JHNCO        0  1  0  1  1  1  0  0  0  0  0  0  0  0
JHNO         0  1  0  0  1  1  0  0  0  0  0  0  0  0
JHNSi        0  1  0  0  1  0  1  0  0  0  0  0  0  0
JHPO         0  1  0  0  0  1  0  0  0  0  0  0  1  0
JHS          0  1  0  0  0  0  0  1  0  0  0  0  0  0
JHSS         0  1  0  0  0  0  0  2  0  0  0  0  0  0
JMg          0  0  0  0  0  0  0  0  0  0  1  0  0  0
JMgH         0  1  0  0  0  0  0  0  0  0  1  0  0  0
JMgH2        0  2  0  0  0  0  0  0  0  0  1  0  0  0
JN           0  0  0  0  1  0  0  0  0  0  0  0  0  0
JN2          0  0  0  0  2  0  0  0  0  0  0  0  0  0
JN2O         0  0  0  0  2  1  0  0  0  0  0  0  0  0
JNa          0  0  0  0  0  0  0  0  0  1  0  0  0  0
JNaH         0  1  0  0  0  0  0  0  0  1  0  0  0  0
JNaOH        0  1  0  0  0  1  0  0  0  1  0  0  0  0
JNH          0  1  0  0  1  0  0  0  0  0  0  0  0  0
JNH2         0  2  0  0  1  0  0  0  0  0  0  0  0  0
JNH2CHO      0  3  0  1  1  1  0  0  0  0  0  0  0  0
JNH2CN       0  2  0  1  2  0  0  0  0  0  0  0  0  0
JNH3         0  3  0  0  1  0  0  0  0  0  0  0  0  0
JNO          0  0  0  0  1  1  0  0  0  0  0  0  0  0
JNO2         0  0  0  0  1  2  0  0  0  0  0  0  0  0
JNS          0  0  0  0  1  0  0  1  0  0  0  0  0  0
JO           0  0  0  0  0  1  0  0  0  0  0  0  0  0
JO2          0  0  0  0  0  2  0  0  0  0  0  0  0  0
JO2H         0  1  0  0  0  2  0  0  0  0  0  0  0  0
JO3          0  0  0  0  0  3  0  0  0  0  0  0  0  0
JOCN         0  0  0  1  1  1  0  0  0  0  0  0  0  0
JOCS         0  0  0  1  0  1  0  1  0  0  0  0  0  0
JOH          0  1  0  0  0  1  0  0  0  0  0  0  0  0
JP           0  0  0  0  0  0  0  0  0  0  0  0  1  0
JPH          0  1  0  0  0  0  0  0  0  0  0  0  1  0
JPH2         0  2  0  0  0  0  0  0  0  0  0  0  1  0
JPN          0  0  0  0  1  0  0  0  0  0  0  0  1  0
JPO          0  0  0  0  0  1  0  0  0  0  0  0  1  0
JS           0  0  0  0  0  0  0  1  0  0  0  0  0  0
JS2          0  0  0  0  0  0  0  2  0  0  0  0  0  0
JSi          0  0  0  0  0  0  1  0  0  0  0  0  0  0
JSiC         0  0  0  1  0  0  1  0  0  0  0  0  0  0
Jc-SiC2      0  0  0  2  0  0  1  0  0  0  0  0  0  0
JHCCSi       0  1  0  2  0  0  1  0  0  0  0  0  0  0
Jc-HCCHSi    0  2  0  2  0  0  1  0  0  0  0  0  0  0
Jl-SiC3      0  0  0  3  0  0  1  0  0  0  0  0  0  0
JSiC3H       0  1  0  3  0  0  1  0  0  0  0  0  0  0
JSiC4        0  0  0  4  0  0  1  0  0  0  0  0  0  0
JSiCH2       0  2  0  1  0  0  1  0  0  0  0  0  0  0
JSiCH3       0  3  0  1  0  0  1  0  0  0  0  0  0  0
JSiH         0  1  0  0  0  0  1  0  0  0  0  0  0  0
JSiH2        0  2  0  0  0  0  1  0  0  0  0  0  0  0
JSiH3        0  3  0  0  0  0  1  0  0  0  0  0  0  0
JSiH4        0  4  0  0  0  0  1  0  0  0  0  0  0  0
JSiN         0  0  0  0  1  0  1  0  0  0  0  0  0  0
JSiNC        0  0  0  1  1  0  1  0  0  0  0  0  0  0
JSiO         0  0  0  0  0  1  1  0  0  0  0  0  0  0
JSiO2        0  0  0  0  0  2  1  0  0  0  0  0  0  0
JSiS         0  0  0  0  0  0  1  1  0  0  0  0  0  0
JSO          0  0  0  0  0  1  0  1  0  0  0  0  0  0
JSO2         0  0  0  0  0  2  0  1  0  0  0  0  0  0
JC5O         0  0  0  5  0  1  0  0  0  0  0  0  0  0
JC7O         0  0  0  7  0  1  0  0  0  0  0  0  0  0
JC9O         0  0  0  9  0  1  0  0  0  0  0  0  0  0
JC6N         0  0  0  6  1  0  0  0  0  0  0  0  0  0
JC8N         0  0  0  8  1  0  0  0  0  0  0  0  0  0
JC10N        0  0  0 10  1  0  0  0  0  0  0  0  0  0
JCH3CO       0  3  0  2  0  1  0  0  0  0  0  0  0  0
JCH3OCH2     0  5  0  2  0  1  0  0  0  0  0  0  0  0
JCH2NH2      0  4  0  1  1  0  0  0  0  0  0  0  0  0
JHCOCO       0  1  0  2  0  2  0  0  0  0  0  0  0  0
JHCOCHO      0  2  0  2  0  2  0  0  0  0  0  0  0  0
JC-H2O       0  2  0  1  0  1  0  0  0  0  0  0  0  0
JC-NH3       0  3  0  1  1  0  0  0  0  0  0  0  0  0
JC-CO2       0  0  0  2  0  2  0  0  0  0  0  0  0  0
JC-CH3OH     0  4  0  2  0  1  0  0  0  0  0  0  0  0
JC-CH4       0  4  0  2  0  0  0  0  0  0  0  0  0  0
JCH-H2O      0  3  0  1  0  1  0  0  0  0  0  0  0  0
JCH-CH3OH    0  5  0  2  0  1  0  0  0  0  0  0  0  0
JCH-CO2      0  1  0  2  0  2  0  0  0  0  0  0  0  0
JCH2-CO2     0  2  0  2  0  2  0  0  0  0  0  0  0  0
JCH3-CO2     0  3  0  2  0  2  0  0  0  0  0  0  0  0
JCH4-CO2     0  4  0  2  0  2  0  0  0  0  0  0  0  0
JCH-NH3      0  4  0  1  1  0  0  0  0  0  0  0  0  0
JCH3O        0  3  0  1  0  1  0  0  0  0  0  0  0  0
JO-CO        0  0  0  1  0  2  0  0  0  0  0  0  0  0
JHOCO        0  1  0  1  0  2  0  0  0  0  0  0  0  0
JC3H5        0  5  0  3  0  0  0  0  0  0  0  0  0  0
JCH3CHCH2    0  6  0  3  0  0  0  0  0  0  0  0  0  0
JC3H7        0  7  0  3  0  0  0  0  0  0  0  0  0  0
JC3H8        0  8  0  3  0  0  0  0  0  0  0  0  0  0
Jt-C3H2      0  2  0  3  0  0  0  0  0  0  0  0  0  0
JHC3O        0  1  0  3  0  1  0  0  0  0  0  0  0  0
JH2C3O       0  2  0  3  0  1  0  0  0  0  0  0  0  0
JHCCCHO      0  2  0  3  0  1  0  0  0  0  0  0  0  0
Jc-H2C3O     0  2  0  3  0  1  0  0  0  0  0  0  0  0
JC2H3CHO     0  4  0  3  0  1  0  0  0  0  0  0  0  0
JH2S3        0  2  0  0  0  0  0  3  0  0  0  0  0  0
JS3          0  0  0  0  0  0  0  3  0  0  0  0  0  0
JS4          0  0  0  0  0  0  0  4  0  0  0  0  0  0
JS5          0  0  0  0  0  0  0  5  0  0  0  0  0  0
JS6          0  0  0  0  0  0  0  6  0  0  0  0  0  0
JS7          0  0  0  0  0  0  0  7  0  0  0  0  0  0
JS8          0  0  0  0  0  0  0  8  0  0  0  0  0  0
JCS2         0  0  0  1  0  0  0  2  0  0  0  0  0  0
JHCCS        0  1  0  2  0  0  0  1  0  0  0  0  0  0
JHC3S        0  1  0  3  0  0  0  1  0  0  0  0  0  0 
JCH3SH       0  4  0  1  0  0  0  1  0  0  0  0  0  0
JCH3S        0  3  0  1  0  0  0  1  0  0  0  0  0  0
JCH2SH       0  3  0  1  0  0  0  1  0  0  0  0  0  0
JHCNS        0  1  0  1  1  0  0  1  0  0  0  0  0  0
JHNCS        0  1  0  1  1  0  0  1  0  0  0  0  0  0
JHSCN        0  1  0  1  1  0  0  1  0  0  0  0  0  0
JHCNO        0  1  0  1  1  1  0  0  0  0  0  0  0  0
JHOCN        0  1  0  1  1  1  0  0  0  0  0  0  0  0
JHONC        0  1  0  1  1  1  0  0  0  0  0  0  0  0
JH2C3S       0  2  0  3  0  0  0  1  0  0  0  0  0  0
JNHCHO       0  2  0  1  1  1  0  0  0  0  0  0  0  0
JHOCHN       0  2  0  1  1  1  0  0  0  0  0  0  0  0 
JNHCHS       0  2  0  1  1  0  0  1  0  0  0  0  0  0
JHSCHN       0  2  0  1  1  0  0  1  0  0  0  0  0  0
JNH2CHS      0  3  0  1  1  0  0  1  0  0  0  0  0  0
JHSO         0  1  0  0  0  1  0  1  0  0  0  0  0  0
JH2CCS       0  2  0  2  0  0  0  1  0  0  0  0  0  0
JNH2CS       0  2  0  1  1  0  0  1  0  0  0  0  0  0
JNH2CO       0  2  0  1  1  1  0  0  0  0  0  0  0  0
JNH2CH2O     0  4  0  1  1  1  0  0  0  0  0  0  0  0
JNH2CH2OH    0  5  0  1  1  1  0  0  0  0  0  0  0  0
JNH2CH2S     0  4  0  1  1  0  0  1  0  0  0  0  0  0
JNH2CH2SH    0  5  0  1  1  0  0  1  0  0  0  0  0  0
KC2H6        0  6  0  2  0  0  0  0  0  0  0  0  0  0
KC5H4        0  4  0  5  0  0  0  0  0  0  0  0  0  0
KC6H4        0  4  0  6  0  0  0  0  0  0  0  0  0  0
KC7H4        0  4  0  7  0  0  0  0  0  0  0  0  0  0
KC8H4        0  4  0  8  0  0  0  0  0  0  0  0  0  0
KC9H4        0  4  0  9  0  0  0  0  0  0  0  0  0  0
KC5H3        0  3  0  5  0  0  0  0  0  0  0  0  0  0
KC6H3        0  3  0  6  0  0  0  0  0  0  0  0  0  0
KC7H3        0  3  0  7  0  0  0  0  0  0  0  0  0  0
KC8H3        0  3  0  8  0  0  0  0  0  0  0  0  0  0
KC9H3        0  3  0  9  0  0  0  0  0  0  0  0  0  0
KCH2OH       0  3  0  1  0  1  0  0  0  0  0  0  0  0
KHCCO        0  1  0  2  0  1  0  0  0  0  0  0  0  0
KH2CSiCH     0  3  0  2  0  0  1  0  0  0  0  0  0  0
KSiC4H       0  1  0  4  0  0  1  0  0  0  0  0  0  0
KHC4N        0  1  0  4  1  0  0  0  0  0  0  0  0  0
KNC4N        0  0  0  4  2  0  0  0  0  0  0  0  0  0
KSiC2CH3     0  3  0  3  0  0  1  0  0  0  0  0  0  0
KSiC6H       0  1  0  6  0  0  1  0  0  0  0  0  0  0
KHC6N        0  1  0  6  1  0  0  0  0  0  0  0  0  0
KNC6N        0  0  0  6  2  0  0  0  0  0  0  0  0  0
KSiC3H5      0  5  0  3  0  0  1  0  0  0  0  0  0  0
KCH2CHCHCH2  0  6  0  4  0  0  0  0  0  0  0  0  0  0
KSiC8H       0  1  0  8  0  0  1  0  0  0  0  0  0  0
KHC8N        0  1  0  8  1  0  0  0  0  0  0  0  0  0
KNC8N        0  0  0  8  2  0  0  0  0  0  0  0  0  0
KC10H        0  1  0 10  0  0  0  0  0  0  0  0  0  0
KC11         0  0  0 11  0  0  0  0  0  0  0  0  0  0
KC10H2       0  2  0 10  0  0  0  0  0  0  0  0  0  0
KF           0  0  0  0  0  0  0  0  0  0  0  0  0  1
KHF          0  1  0  0  0  0  0  0  0  0  0  0  0  1
KC           0  0  0  1  0  0  0  0  0  0  0  0  0  0
KC10         0  0  0 10  0  0  0  0  0  0  0  0  0  0
KC2          0  0  0  2  0  0  0  0  0  0  0  0  0  0
KCCH         0  1  0  2  0  0  0  0  0  0  0  0  0  0
KC2H2        0  2  0  2  0  0  0  0  0  0  0  0  0  0
KC2H3        0  3  0  2  0  0  0  0  0  0  0  0  0  0
KC2H4        0  4  0  2  0  0  0  0  0  0  0  0  0  0
KC2H5        0  5  0  2  0  0  0  0  0  0  0  0  0  0
KCH3CH2OH    0  6  0  2  0  1  0  0  0  0  0  0  0  0
KCH3COCH3    0  6  0  3  0  1  0  0  0  0  0  0  0  0
KCCN         0  0  0  2  1  0  0  0  0  0  0  0  0  0
KCCO         0  0  0  2  0  1  0  0  0  0  0  0  0  0
KCCS         0  0  0  2  0  0  0  1  0  0  0  0  0  0
KC3          0  0  0  3  0  0  0  0  0  0  0  0  0  0
Kc-C3H       0  1  0  3  0  0  0  0  0  0  0  0  0  0
Kl-C3H       0  1  0  3  0  0  0  0  0  0  0  0  0  0
Kc-C3H2      0  2  0  3  0  0  0  0  0  0  0  0  0  0
Kl-C3H2      0  2  0  3  0  0  0  0  0  0  0  0  0  0
KCH2CCH      0  3  0  3  0  0  0  0  0  0  0  0  0  0
KCH2CHCN     0  3  0  3  1  0  0  0  0  0  0  0  0  0
KCH3CCH      0  4  0  3  0  0  0  0  0  0  0  0  0  0
KC3N         0  0  0  3  1  0  0  0  0  0  0  0  0  0
KC3O         0  0  0  3  0  1  0  0  0  0  0  0  0  0
KC3P         0  0  0  3  0  0  0  0  0  0  0  0  1  0
KC3S         0  0  0  3  0  0  0  1  0  0  0  0  0  0
KC4          0  0  0  4  0  0  0  0  0  0  0  0  0  0
KC4H         0  1  0  4  0  0  0  0  0  0  0  0  0  0
KC4H2        0  2  0  4  0  0  0  0  0  0  0  0  0  0
KC4H3        0  3  0  4  0  0  0  0  0  0  0  0  0  0
KCH2CHC2H    0  4  0  4  0  0  0  0  0  0  0  0  0  0
KC4N         0  0  0  4  1  0  0  0  0  0  0  0  0  0
KC4P         0  0  0  4  0  0  0  0  0  0  0  0  1  0
KC4S         0  0  0  4  0  0  0  1  0  0  0  0  0  0
KC5          0  0  0  5  0  0  0  0  0  0  0  0  0  0
KC5H         0  1  0  5  0  0  0  0  0  0  0  0  0  0
KC5H2        0  2  0  5  0  0  0  0  0  0  0  0  0  0
KC5N         0  0  0  5  1  0  0  0  0  0  0  0  0  0
KC6          0  0  0  6  0  0  0  0  0  0  0  0  0  0
KC6H         0  1  0  6  0  0  0  0  0  0  0  0  0  0
KC6H2        0  2  0  6  0  0  0  0  0  0  0  0  0  0
KC6H6        0  6  0  6  0  0  0  0  0  0  0  0  0  0
KC7          0  0  0  7  0  0  0  0  0  0  0  0  0  0
KC7H         0  1  0  7  0  0  0  0  0  0  0  0  0  0
KC7H2        0  2  0  7  0  0  0  0  0  0  0  0  0  0
KC7N         0  0  0  7  1  0  0  0  0  0  0  0  0  0
KC8          0  0  0  8  0  0  0  0  0  0  0  0  0  0
KC8H         0  1  0  8  0  0  0  0  0  0  0  0  0  0
KC8H2        0  2  0  8  0  0  0  0  0  0  0  0  0  0
KC9          0  0  0  9  0  0  0  0  0  0  0  0  0  0
KC9H         0  1  0  9  0  0  0  0  0  0  0  0  0  0
KC9H2        0  2  0  9  0  0  0  0  0  0  0  0  0  0
KC9N         0  0  0  9  1  0  0  0  0  0  0  0  0  0
KCCl         0  0  0  1  0  0  0  0  0  0  0  1  0  0
KCCP         0  0  0  2  0  0  0  0  0  0  0  0  1  0
KCH          0  1  0  1  0  0  0  0  0  0  0  0  0  0
KCH2         0  2  0  1  0  0  0  0  0  0  0  0  0  0
KH2CCN       0  2  0  2  1  0  0  0  0  0  0  0  0  0
KH2CCO       0  2  0  2  0  1  0  0  0  0  0  0  0  0
KCH2NH       0  3  0  1  1  0  0  0  0  0  0  0  0  0
KCH2PH       0  3  0  1  0  0  0  0  0  0  0  0  1  0
KCH3         0  3  0  1  0  0  0  0  0  0  0  0  0  0
KCH3C3N      0  3  0  4  1  0  0  0  0  0  0  0  0  0
KCH3C4H      0  4  0  5  0  0  0  0  0  0  0  0  0  0
KCH3C5N      0  3  0  6  1  0  0  0  0  0  0  0  0  0
KCH3C6H      0  4  0  7  0  0  0  0  0  0  0  0  0  0
KCH3C7N      0  3  0  8  1  0  0  0  0  0  0  0  0  0
KCH3CHO      0  4  0  2  0  1  0  0  0  0  0  0  0  0
KCH3CN       0  3  0  2  1  0  0  0  0  0  0  0  0  0
KCH3OCH3     0  6  0  2  0  1  0  0  0  0  0  0  0  0
KCH3OH       0  4  0  1  0  1  0  0  0  0  0  0  0  0
KCH4         0  4  0  1  0  0  0  0  0  0  0  0  0  0
KCH3NH2      0  5  0  1  1  0  0  0  0  0  0  0  0  0
KCl          0  0  0  0  0  0  0  0  0  0  0  1  0  0
KClO         0  0  0  0  0  1  0  0  0  0  0  1  0  0
KCN          0  0  0  1  1  0  0  0  0  0  0  0  0  0
KCO          0  0  0  1  0  1  0  0  0  0  0  0  0  0
KCO2         0  0  0  1  0  2  0  0  0  0  0  0  0  0
KCP          0  0  0  1  0  0  0  0  0  0  0  0  1  0
KCS          0  0  0  1  0  0  0  1  0  0  0  0  0  0
KFe          0  0  0  0  0  0  0  0  1  0  0  0  0  0
KFeH         0  1  0  0  0  0  0  0  1  0  0  0  0  0
KH           0  1  0  0  0  0  0  0  0  0  0  0  0  0
KH2          0  2  0  0  0  0  0  0  0  0  0  0  0  0
KH2CN        0  2  0  1  1  0  0  0  0  0  0  0  0  0
KH2CO        0  2  0  1  0  1  0  0  0  0  0  0  0  0
KH2CS        0  2  0  1  0  0  0  1  0  0  0  0  0  0
KH2O         0  2  0  0  0  1  0  0  0  0  0  0  0  0
KHOOH        0  2  0  0  0  2  0  0  0  0  0  0  0  0
KH2S         0  2  0  0  0  0  0  1  0  0  0  0  0  0
KHSSH        0  2  0  0  0  0  0  2  0  0  0  0  0  0
KH2SiO       0  2  0  0  0  1  1  0  0  0  0  0  0  0
KHCCNC       0  1  0  3  1  0  0  0  0  0  0  0  0  0
KHC3N        0  1  0  3  1  0  0  0  0  0  0  0  0  0
KHC5N        0  1  0  5  1  0  0  0  0  0  0  0  0  0
KHC7N        0  1  0  7  1  0  0  0  0  0  0  0  0  0
KHC9N        0  1  0  9  1  0  0  0  0  0  0  0  0  0
KHCCP        0  1  0  2  0  0  0  0  0  0  0  0  1  0
KHCl         0  1  0  0  0  0  0  0  0  0  0  1  0  0
KHCN         0  1  0  1  1  0  0  0  0  0  0  0  0  0
KHCNCC       0  1  0  3  1  0  0  0  0  0  0  0  0  0
KHCO         0  1  0  1  0  1  0  0  0  0  0  0  0  0
KHCOOCH3     0  4  0  2  0  2  0  0  0  0  0  0  0  0
KHCOOH       0  2  0  1  0  2  0  0  0  0  0  0  0  0
KHCP         0  1  0  1  0  0  0  0  0  0  0  0  1  0
KHCS         0  1  0  1  0  0  0  1  0  0  0  0  0  0
KHCSi        0  1  0  1  0  0  1  0  0  0  0  0  0  0
KHe          0  0  1  0  0  0  0  0  0  0  0  0  0  0
KHNC         0  1  0  1  1  0  0  0  0  0  0  0  0  0
KHNCCC       0  1  0  3  1  0  0  0  0  0  0  0  0  0
KHNCO        0  1  0  1  1  1  0  0  0  0  0  0  0  0
KHNO         0  1  0  0  1  1  0  0  0  0  0  0  0  0
KHNSi        0  1  0  0  1  0  1  0  0  0  0  0  0  0
KHPO         0  1  0  0  0  1  0  0  0  0  0  0  1  0
KHS          0  1  0  0  0  0  0  1  0  0  0  0  0  0
KHSS         0  1  0  0  0  0  0  2  0  0  0  0  0  0
KMg          0  0  0  0  0  0  0  0  0  0  1  0  0  0
KMgH         0  1  0  0  0  0  0  0  0  0  1  0  0  0
KMgH2        0  2  0  0  0  0  0  0  0  0  1  0  0  0
KN           0  0  0  0  1  0  0  0  0  0  0  0  0  0
KN2          0  0  0  0  2  0  0  0  0  0  0  0  0  0
KN2O         0  0  0  0  2  1  0  0  0  0  0  0  0  0
KNa          0  0  0  0  0  0  0  0  0  1  0  0  0  0
KNaH         0  1  0  0  0  0  0  0  0  1  0  0  0  0
KNaOH        0  1  0  0  0  1  0  0  0  1  0  0  0  0
KNH          0  1  0  0  1  0  0  0  0  0  0  0  0  0
KNH2         0  2  0  0  1  0  0  0  0  0  0  0  0  0
KNH2CHO      0  3  0  1  1  1  0  0  0  0  0  0  0  0
KNH2CN       0  2  0  1  2  0  0  0  0  0  0  0  0  0
KNH3         0  3  0  0  1  0  0  0  0  0  0  0  0  0
KNO          0  0  0  0  1  1  0  0  0  0  0  0  0  0
KNO2         0  0  0  0  1  2  0  0  0  0  0  0  0  0
KNS          0  0  0  0  1  0  0  1  0  0  0  0  0  0
KO           0  0  0  0  0  1  0  0  0  0  0  0  0  0
KO2          0  0  0  0  0  2  0  0  0  0  0  0  0  0
KO2H         0  1  0  0  0  2  0  0  0  0  0  0  0  0
KO3          0  0  0  0  0  3  0  0  0  0  0  0  0  0
KOCN         0  0  0  1  1  1  0  0  0  0  0  0  0  0
KOCS         0  0  0  1  0  1  0  1  0  0  0  0  0  0
KOH          0  1  0  0  0  1  0  0  0  0  0  0  0  0
KP           0  0  0  0  0  0  0  0  0  0  0  0  1  0
KPH          0  1  0  0  0  0  0  0  0  0  0  0  1  0
KPH2         0  2  0  0  0  0  0  0  0  0  0  0  1  0
KPN          0  0  0  0  1  0  0  0  0  0  0  0  1  0
KPO          0  0  0  0  0  1  0  0  0  0  0  0  1  0
KS           0  0  0  0  0  0  0  1  0  0  0  0  0  0
KS2          0  0  0  0  0  0  0  2  0  0  0  0  0  0
KSi          0  0  0  0  0  0  1  0  0  0  0  0  0  0
KSiC         0  0  0  1  0  0  1  0  0  0  0  0  0  0
Kc-SiC2      0  0  0  2  0  0  1  0  0  0  0  0  0  0
KHCCSi       0  1  0  2  0  0  1  0  0  0  0  0  0  0
Kc-HCCHSi    0  2  0  2  0  0  1  0  0  0  0  0  0  0
Kl-SiC3      0  0  0  3  0  0  1  0  0  0  0  0  0  0
KSiC3H       0  1  0  3  0  0  1  0  0  0  0  0  0  0
KSiC4        0  0  0  4  0  0  1  0  0  0  0  0  0  0
KSiCH2       0  2  0  1  0  0  1  0  0  0  0  0  0  0
KSiCH3       0  3  0  1  0  0  1  0  0  0  0  0  0  0
KSiH         0  1  0  0  0  0  1  0  0  0  0  0  0  0
KSiH2        0  2  0  0  0  0  1  0  0  0  0  0  0  0
KSiH3        0  3  0  0  0  0  1  0  0  0  0  0  0  0
KSiH4        0  4  0  0  0  0  1  0  0  0  0  0  0  0
KSiN         0  0  0  0  1  0  1  0  0  0  0  0  0  0
KSiNC        0  0  0  1  1  0  1  0  0  0  0  0  0  0
KSiO         0  0  0  0  0  1  1  0  0  0  0  0  0  0
KSiO2        0  0  0  0  0  2  1  0  0  0  0  0  0  0
KSiS         0  0  0  0  0  0  1  1  0  0  0  0  0  0
KSO          0  0  0  0  0  1  0  1  0  0  0  0  0  0
KSO2         0  0  0  0  0  2  0  1  0  0  0  0  0  0
KC5O         0  0  0  5  0  1  0  0  0  0  0  0  0  0
KC7O         0  0  0  7  0  1  0  0  0  0  0  0  0  0
KC9O         0  0  0  9  0  1  0  0  0  0  0  0  0  0
KC6N         0  0  0  6  1  0  0  0  0  0  0  0  0  0
KC8N         0  0  0  8  1  0  0  0  0  0  0  0  0  0
KC10N        0  0  0 10  1  0  0  0  0  0  0  0  0  0
KCH3CO       0  3  0  2  0  1  0  0  0  0  0  0  0  0
KCH3OCH2     0  5  0  2  0  1  0  0  0  0  0  0  0  0
KCH2NH2      0  4  0  1  1  0  0  0  0  0  0  0  0  0
KHCOCO       0  1  0  2  0  2  0  0  0  0  0  0  0  0
KHCOCHO      0  2  0  2  0  2  0  0  0  0  0  0  0  0
KC-H2O       0  2  0  1  0  1  0  0  0  0  0  0  0  0
KC-NH3       0  3  0  1  1  0  0  0  0  0  0  0  0  0
KC-CO2       0  0  0  2  0  2  0  0  0  0  0  0  0  0
KC-CH3OH     0  4  0  2  0  1  0  0  0  0  0  0  0  0
KC-CH4       0  4  0  2  0  0  0  0  0  0  0  0  0  0
KCH-H2O      0  3  0  1  0  1  0  0  0  0  0  0  0  0
KCH-CH3OH    0  5  0  2  0  1  0  0  0  0  0  0  0  0
KCH-CO2      0  1  0  2  0  2  0  0  0  0  0  0  0  0
KCH2-CO2     0  2  0  2  0  2  0  0  0  0  0  0  0  0
KCH3-CO2     0  3  0  2  0  2  0  0  0  0  0  0  0  0
KCH4-CO2     0  4  0  2  0  2  0  0  0  0  0  0  0  0
KCH-NH3      0  4  0  1  1  0  0  0  0  0  0  0  0  0
KCH3O        0  3  0  1  0  1  0  0  0  0  0  0  0  0
KO-CO        0  0  0  1  0  2  0  0  0  0  0  0  0  0
KHOCO        0  1  0  1  0  2  0  0  0  0  0  0  0  0
KC3H5        0  5  0  3  0  0  0  0  0  0  0  0  0  0
KCH3CHCH2    0  6  0  3  0  0  0  0  0  0  0  0  0  0
KC3H7        0  7  0  3  0  0  0  0  0  0  0  0  0  0
KC3H8        0  8  0  3  0  0  0  0  0  0  0  0  0  0
Kt-C3H2      0  2  0  3  0  0  0  0  0  0  0  0  0  0
KHC3O        0  1  0  3  0  1  0  0  0  0  0  0  0  0
KH2C3O       0  2  0  3  0  1  0  0  0  0  0  0  0  0
KHCCCHO      0  2  0  3  0  1  0  0  0  0  0  0  0  0
Kc-H2C3O     0  2  0  3  0  1  0  0  0  0  0  0  0  0
KC2H3CHO     0  4  0  3  0  1  0  0  0  0  0  0  0  0
KH2S3        0  2  0  0  0  0  0  3  0  0  0  0  0  0
KS3          0  0  0  0  0  0  0  3  0  0  0  0  0  0
KS4          0  0  0  0  0  0  0  4  0  0  0  0  0  0
KS5          0  0  0  0  0  0  0  5  0  0  0  0  0  0
KS6          0  0  0  0  0  0  0  6  0  0  0  0  0  0
KS7          0  0  0  0  0  0  0  7  0  0  0  0  0  0
KS8          0  0  0  0  0  0  0  8  0  0  0  0  0  0
KCS2         0  0  0  1  0  0  0  2  0  0  0  0  0  0
KHCCS        0  1  0  2  0  0  0  1  0  0  0  0  0  0
KHC3S        0  1  0  3  0  0  0  1  0  0  0  0  0  0 
KCH3SH       0  4  0  1  0  0  0  1  0  0  0  0  0  0
KCH3S        0  3  0  1  0  0  0  1  0  0  0  0  0  0
KCH2SH       0  3  0  1  0  0  0  1  0  0  0  0  0  0
KHCNS        0  1  0  1  1  0  0  1  0  0  0  0  0  0
KHNCS        0  1  0  1  1  0  0  1  0  0  0  0  0  0
KHSCN        0  1  0  1  1  0  0  1  0  0  0  0  0  0
KHCNO        0  1  0  1  1  1  0  0  0  0  0  0  0  0
KHOCN        0  1  0  1  1  1  0  0  0  0  0  0  0  0
KHONC        0  1  0  1  1  1  0  0  0  0  0  0  0  0
KH2C3S       0  2  0  3  0  0  0  1  0  0  0  0  0  0
KNHCHO       0  2  0  1  1  1  0  0  0  0  0  0  0  0
KHOCHN       0  2  0  1  1  1  0  0  0  0  0  0  0  0 
KNHCHS       0  2  0  1  1  0  0  1  0  0  0  0  0  0
KHSCHN       0  2  0  1  1  0  0  1  0  0  0  0  0  0
KNH2CHS      0  3  0  1  1  0  0  1  0  0  0  0  0  0
KHSO         0  1  0  0  0  1  0  1  0  0  0  0  0  0
KH2CCS       0  2  0  2  0  0  0  1  0  0  0  0  0  0
KNH2CS       0  2  0  1  1  0  0  1  0  0  0  0  0  0
KNH2CO       0  2  0  1  1  1  0  0  0  0  0  0  0  0
KNH2CH2O     0  4  0  1  1  1  0  0  0  0  0  0  0  0
KNH2CH2OH    0  5  0  1  1  1  0  0  0  0  0  0  0  0
KNH2CH2S     0  4  0  1  1  0  0  1  0  0  0  0  0  0
KNH2CH2SH    0  5  0  1  1  0  0  1  0  0  0  0  0  0
JCH2CCH2     0  4  0  3  0  0  0  0  0  0  0  0  0  0 
KCH2CCH2     0  4  0  3  0  0  0  0  0  0  0  0  0  0 
JC2H5CHO     0  6  0  3  0  1  0  0  0  0  0  0  0  0
KC2H5CHO     0  6  0  3  0  1  0  0  0  0  0  0  0  0
Jc-C3H6O     0  6  0  3  0  1  0  0  0  0  0  0  0  0
Kc-C3H6O     0  6  0  3  0  1  0  0  0  0  0  0  0  0
JC2N2        0  0  0  2  2  0  0  0  0  0  0  0  0  0 
JCNCN        0  0  0  2  2  0  0  0  0  0  0  0  0  0 
JHC2N2       0  1  0  2  2  0  0  0  0  0  0  0  0  0 
JHCNCN       0  1  0  2  2  0  0  0  0  0  0  0  0  0 
KC2N2        0  0  0  2  2  0  0  0  0  0  0  0  0  0 
KCNCN        0  0  0  2  2  0  0  0  0  0  0  0  0  0 
KHC2N2       0  1  0  2  2  0  0  0  0  0  0  0  0  0 
KHCNCN       0  1  0  2  2  0  0  0  0  0  0  0  0  0 
